General parameters 

15 63 720 750


Customer schedules 

0 0	0 [0,720]	
1 75	1 [0,111]	2 [129,304]	3 [322,373]	4 [382,618]	5 [628,720]	
2 52	6 [0,4]	7 [14,217]	8 [246,391]	9 [399,448]	10 [468,720]	
3 51	11 [0,720]	
4 29	12 [0,9]	13 [22,31]	14 [55,607]	15 [621,720]	
5 47	16 [0,43]	17 [49,335]	18 [344,352]	19 [355,720]	
6 47	20 [0,79]	21 [83,439]	22 [457,467]	23 [484,573]	24 [576,656]	25 [661,720]	
7 49	26 [0,720]	
8 64	27 [0,29]	28 [36,131]	29 [141,303]	30 [311,377]	31 [384,720]	
9 51	32 [0,54]	33 [56,80]	34 [87,129]	35 [129,402]	36 [409,546]	37 [547,720]	
10 53	38 [0,279]	39 [292,367]	40 [396,427]	41 [458,500]	42 [513,720]	
11 48	43 [0,187]	44 [194,262]	45 [274,445]	46 [458,581]	47 [599,720]	
12 40	48 [0,35]	49 [36,49]	50 [54,193]	51 [208,442]	52 [459,720]	
13 57	53 [0,276]	54 [300,469]	55 [502,526]	56 [542,720]	
14 58	57 [0,165]	58 [180,190]	59 [205,400]	60 [401,720]	
15 29	61 [0,720]	
16 0	62 [0,720]	


Location coordinates

0 	 0.0 0.0
1 	 -16.289416621 -67.6834834203
2 	 -7.22158773403 -67.8802842033
3 	 -16.0266245305 -65.8458465565
4 	 -11.4314280176 -66.4706544517
5 	 -16.289416621 -67.6834834203
6 	 32.2839185697 -0.802938568322
7 	 27.4000249204 -1.41366137436
8 	 41.2704869895 -5.99576897662
9 	 42.0441024832 -2.31760070604
10 	 32.2839185697 -0.802938568322
11 	 -31.9655938151 -20.3051117806
12 	 -14.5949040015 19.1364080626
13 	 -19.9840188321 15.5876533012
14 	 -14.0806412463 26.2728510742
15 	 -14.5949040015 19.1364080626
16 	 142.989453624 22.4091379457
17 	 144.63344533 20.0644103506
18 	 142.315921423 23.9547458136
19 	 142.989453624 22.4091379457
20 	 2.29964167791 -2.57845262884
21 	 2.38231785027 -0.659097110307
22 	 11.2010443892 -3.0670170035
23 	 2.62705737227 -3.35218919336
24 	 3.90915197873 -4.20608207119
25 	 2.29964167791 -2.57845262884
26 	 -32.1824702832 139.093712237
27 	 -0.911724038009 3.03035573664
28 	 1.34326960252 5.86385640697
29 	 -1.67832856322 2.01473587761
30 	 2.12181964156 1.18792517324
31 	 -0.911724038009 3.03035573664
32 	 -16.4415450486 -41.8633984681
33 	 -15.6180700664 -42.2642575789
34 	 -12.8344031992 -40.2431348664
35 	 -12.9297253808 -40.1440904271
36 	 -16.2161385998 -41.7320392367
37 	 -16.4415450486 -41.8633984681
38 	 -47.5257401183 65.2347557408
39 	 -49.4697757576 59.2345145737
40 	 -52.284772426 73.4177094837
41 	 -47.9590526515 58.6050969815
42 	 -47.5257401183 65.2347557408
43 	 -35.2727060808 162.005644099
44 	 -31.9737672181 162.605278541
45 	 -34.3536526215 157.003138107
46 	 -28.0172575953 157.04766331
47 	 -35.2727060808 162.005644099
48 	 76.0002567646 -54.1646257802
49 	 76.1710551442 -53.8525640497
50 	 75.0936842228 -56.1286809882
51 	 67.4753453103 -56.0956899623
52 	 76.0002567646 -54.1646257802
53 	 -11.6219882222 101.520696886
54 	 -19.2053811067 91.9120391988
55 	 -4.28796813815 98.5251883154
56 	 -11.6219882222 101.520696886
57 	 11.230377127 8.68850457301
58 	 10.4879937159 1.18175529224
59 	 11.8740106787 8.71765688804
60 	 11.230377127 8.68850457301
61 	 -41.5747462216 22.0260583138
62 	 0.0 0.0


Travel time matrix 

(32, 54) 268
(31, 6) 67
(53, 53) 0
(57, 50) 182
(40, 22) 199
(21, 28) 13
(4, 36) 50
(43, 3) 457
(7, 25) 50
(46, 12) 277
(29, 44) 327
(33, 41) 212
(16, 47) 453
(36, 34) 7
(58, 19) 268
(41, 57) 155
(61, 38) 87
(44, 34) 407
(9, 0) 84
(48, 37) 187
(12, 59) 57
(34, 8) 128
(15, 30) 49
(37, 13) 115
(24, 14) 71
(62, 31) 6
(45, 61) 270
(49, 58) 171
(13, 20) 58
(52, 17) 202
(0, 55) 197
(20, 58) 18
(3, 2) 18
(25, 49) 180
(28, 10) 63
(50, 27) 193
(31, 15) 42
(53, 62) 204
(1, 40) 291
(57, 59) 1
(40, 29) 175
(21, 37) 91
(4, 35) 53
(8, 38) 228
(7, 22) 33
(46, 23) 327
(29, 37) 93
(33, 34) 7
(16, 38) 391
(36, 41) 210
(58, 26) 289
(41, 34) 210
(22, 12) 68
(44, 25) 337
(9, 9) 0
(12, 50) 234
(34, 3) 52
(17, 57) 268
(37, 54) 268
(59, 9) 64
(24, 21) 8
(62, 6) 65
(45, 54) 134
(49, 51) 18
(13, 13) 0
(52, 24) 175
(0, 14) 60
(38, 31) 155
(3, 11) 96
(25, 58) 18
(28, 1) 151
(50, 18) 209
(53, 7) 220
(1, 33) 51
(57, 60) 0
(40, 4) 291
(21, 46) 321
(4, 42) 273
(8, 45) 359
(7, 15) 94
(46, 30) 317
(29, 62) 5
(33, 59) 116
(16, 29) 292
(54, 46) 131
(58, 37) 102
(41, 43) 208
(22, 7) 33
(5, 53) 339
(61, 56) 170
(44, 16) 448
(9, 50) 126
(47, 5) 461
(12, 41) 103
(34, 26) 361
(17, 50) 206
(59, 14) 63
(24, 28) 21
(62, 9) 84
(45, 47) 10
(10, 19) 226
(49, 52) 1
(13, 6) 110
(0, 5) 139
(38, 22) 180
(25, 3) 132
(28, 24) 21
(50, 13) 238
(53, 0) 204
(1, 58) 148
(40, 11) 192
(21, 55) 199
(4, 17) 357
(26, 34) 361
(7, 4) 152
(46, 33) 399
(29, 55) 193
(33, 60) 115
(16, 20) 286
(54, 33) 268
(19, 1) 366
(58, 44) 334
(41, 44) 210
(22, 30) 20
(5, 62) 139
(61, 49) 280
(44, 15) 289
(9, 59) 64
(47, 2) 463
(12, 32) 122
(34, 21) 85
(17, 43) 458
(37, 56) 287
(59, 7) 37
(42, 53) 102
(62, 48) 187
(45, 40) 171
(10, 26) 308
(49, 45) 476
(0, 28) 12
(38, 9) 224
(25, 4) 131
(28, 23) 19
(50, 4) 174
(14, 38) 103
(53, 9) 234
(1, 51) 169
(21, 48) 182
(4, 24) 128
(26, 45) 36
(46, 40) 174
(29, 48) 192
(33, 53) 288
(16, 11) 360
(54, 56) 24
(19, 6) 226
(58, 55) 197
(41, 21) 156
(22, 17) 271
(5, 39) 262
(44, 6) 351
(9, 60) 65
(47, 11) 365
(30, 49) 185
(34, 44) 407
(17, 44) 454
(56, 1) 339
(37, 33) 2
(59, 28) 22
(42, 60) 163
(62, 59) 29
(45, 33) 400
(10, 5) 165
(49, 38) 343
(13, 56) 173
(35, 23) 80
(0, 19) 289
(38, 0) 161
(25, 13) 58
(14, 41) 94
(53, 18) 345
(1, 52) 187
(21, 57) 26
(4, 7) 152
(26, 52) 443
(46, 51) 467
(29, 9) 88
(51, 36) 170
(16, 2) 351
(54, 51) 343
(19, 15) 315
(2, 45) 453
(58, 62) 21
(41, 30) 152
(22, 40) 199
(5, 32) 52
(9, 37) 141
(47, 16) 453
(30, 56) 203
(34, 39) 212
(17, 37) 345
(56, 8) 240
(37, 42) 223
(59, 21) 27
(42, 39) 13
(23, 11) 77
(62, 34) 84
(45, 26) 36
(10, 12) 102
(13, 49) 237
(35, 28) 96
(18, 60) 264
(38, 59) 164
(60, 12) 56
(25, 22) 18
(50, 54) 351
(14, 48) 242
(53, 27) 198
(1, 13) 167
(39, 24) 166
(4, 14) 186
(46, 58) 321
(29, 2) 140
(51, 45) 472
(54, 10) 212
(19, 20) 286
(2, 36) 55
(58, 57) 15
(41, 7) 193
(22, 35) 88
(5, 41) 260
(9, 46) 348
(47, 25) 338
(30, 35) 88
(34, 62) 84
(17, 30) 288
(56, 15) 165
(55, 41) 118
(59, 42) 164
(42, 46) 188
(23, 0) 9
(6, 56) 223
(62, 37) 90
(45, 19) 445
(10, 55) 212
(32, 8) 136
(13, 42) 114
(35, 5) 55
(18, 55) 329
(38, 50) 345
(60, 11) 104
(25, 31) 13
(11, 28) 85
(50, 49) 5
(14, 59) 63
(1, 6) 165
(39, 17) 396
(26, 6) 308
(46, 61) 271
(29, 27) 3
(51, 50) 15
(54, 13) 153
(19, 29) 292
(41, 8) 220
(22, 58) 9
(5, 18) 366
(27, 45) 315
(47, 38) 195
(30, 42) 162
(34, 57) 109
(17, 23) 288
(56, 22) 214
(55, 38) 109
(20, 4) 131
(59, 35) 110
(42, 41) 13
(23, 25) 2
(6, 51) 131
(62, 44) 331
(45, 12) 279
(10, 62) 65
(32, 15) 122
(13, 35) 112
(35, 10) 120
(18, 46) 432
(38, 53) 102
(60, 2) 158
(43, 58) 334
(11, 21) 79
(50, 40) 363
(14, 2) 189
(1, 31) 145
(39, 14) 97
(26, 1) 415
(48, 30) 185
(29, 20) 12
(51, 59) 171
(15, 33) 123
(54, 4) 317
(19, 34) 336
(2, 54) 320
(22, 61) 117
(5, 27) 145
(27, 34) 90
(47, 47) 0
(30, 45) 320
(34, 48) 180
(17, 8) 213
(56, 29) 200
(20, 3) 132
(59, 56) 191
(42, 16) 391
(23, 22) 17
(6, 42) 207
(45, 5) 451
(10, 57) 46
(32, 6) 127
(31, 54) 181
(35, 51) 164
(18, 41) 387
(57, 2) 158
(38, 44) 197
(60, 25) 29
(43, 51) 482
(11, 10) 134
(50, 35) 179
(14, 5) 188
(36, 18) 343
(1, 16) 366
(39, 7) 196
(26, 8) 325
(48, 21) 182
(51, 0) 175
(15, 46) 277
(54, 31) 181
(19, 43) 453
(2, 49) 169
(22, 52) 165
(5, 4) 10
(27, 59) 28
(47, 52) 486
(30, 20) 8
(52, 33) 185
(17, 1) 367
(56, 36) 287
(55, 52) 345
(20, 10) 60
(3, 50) 183
(59, 49) 179
(42, 27) 155
(23, 47) 339
(6, 45) 343
(10, 32) 127
(32, 29) 93
(35, 56) 283
(18, 32) 344
(57, 11) 104
(38, 39) 13
(60, 16) 265
(43, 40) 180
(8, 22) 60
(11, 3) 96
(14, 12) 14
(36, 25) 87
(39, 60) 158
(61, 15) 54
(26, 19) 421
(48, 12) 233
(51, 9) 119
(15, 55) 160
(54, 22) 199
(19, 48) 203
(2, 8) 157
(24, 37) 86
(5, 13) 167
(27, 48) 192
(47, 61) 280
(30, 31) 7
(52, 40) 362
(56, 43) 130
(55, 13) 169
(20, 17) 288
(3, 59) 159
(59, 54) 178
(42, 2) 278
(23, 36) 86
(6, 36) 127
(10, 43) 353
(32, 20) 87
(31, 36) 95
(35, 33) 7
(18, 27) 289
(57, 12) 56
(40, 52) 362
(60, 47) 320
(43, 33) 410
(8, 29) 87
(11, 56) 247
(33, 11) 55
(14, 23) 68
(36, 0) 90
(39, 53) 114
(61, 8) 175
(26, 26) 0
(48, 3) 186
(12, 25) 55
(51, 14) 232
(15, 60) 56
(19, 57) 265
(2, 3) 18
(24, 44) 341
(27, 9) 87
(47, 58) 334
(30, 6) 60
(52, 55) 345
(56, 50) 360
(55, 10) 212
(20, 24) 5
(3, 32) 48
(42, 13) 114
(23, 61) 102
(6, 31) 67
(28, 40) 173
(32, 43) 409
(31, 45) 315
(35, 38) 222
(18, 18) 0
(57, 21) 26
(40, 59) 182
(21, 7) 50
(60, 38) 163
(43, 38) 195
(8, 4) 160
(7, 52) 143
(11, 49) 226
(33, 12) 123
(14, 30) 60
(36, 15) 122
(39, 50) 340
(61, 1) 186
(48, 58) 172
(12, 16) 315
(51, 23) 167
(15, 5) 174
(19, 62) 289
(2, 26) 417
(24, 51) 164
(27, 14) 53
(49, 29) 192
(30, 9) 80
(52, 62) 187
(0, 44) 331
(56, 57) 191
(55, 3) 330
(20, 39) 161
(3, 41) 257
(23, 58) 18
(6, 22) 42
(28, 39) 147
(32, 34) 8
(31, 42) 155
(35, 47) 407
(18, 13) 325
(57, 30) 24
(40, 34) 241
(21, 0) 5
(60, 61) 109
(43, 31) 325
(8, 11) 149
(7, 45) 340
(11, 54) 226
(33, 5) 51
(16, 59) 264
(36, 54) 267
(58, 7) 34
(39, 43) 207
(61, 26) 235
(44, 54) 144
(48, 49) 1
(12, 15) 0
(51, 28) 181
(15, 2) 175
(37, 17) 345
(2, 21) 136
(24, 58) 17
(27, 7) 57
(49, 22) 165
(52, 5) 187
(0, 35) 84
(55, 24) 206
(20, 46) 325
(3, 46) 446
(23, 51) 167
(6, 9) 20
(28, 62) 12
(32, 57) 115
(31, 19) 290
(53, 34) 284
(18, 4) 357
(57, 39) 158
(40, 41) 31
(21, 9) 79
(4, 55) 330
(60, 52) 181
(43, 20) 338
(8, 50) 121
(7, 42) 201
(46, 3) 446
(11, 47) 365
(33, 30) 94
(16, 50) 208
(36, 61) 137
(58, 14) 70
(39, 32) 213
(61, 19) 369
(44, 45) 12
(9, 21) 79
(48, 40) 362
(12, 6) 102
(15, 11) 86
(37, 26) 363
(24, 1) 133
(62, 18) 289
(27, 28) 7
(49, 15) 233
(52, 12) 233
(0, 58) 21
(55, 17) 337
(20, 53) 210
(3, 23) 130
(25, 38) 168
(6, 0) 65
(28, 53) 193
(32, 48) 187
(31, 24) 17
(53, 43) 130
(57, 40) 181
(40, 16) 404
(21, 18) 284
(4, 62) 135
(60, 51) 172
(43, 13) 294
(8, 57) 67
(7, 35) 112
(46, 10) 338
(11, 36) 53
(33, 23) 86
(16, 41) 389
(36, 36) 0
(58, 9) 63
(41, 55) 118
(61, 44) 282
(44, 36) 410
(9, 30) 80
(48, 47) 486
(12, 61) 54
(34, 14) 133
(15, 16) 315
(37, 3) 48
(24, 8) 75
(62, 21) 5
(27, 21) 10
(49, 0) 187
(13, 26) 248
(52, 11) 226
(0, 49) 187
(20, 60) 29
(3, 28) 148
(25, 47) 338
(28, 12) 41
(32, 55) 282
(31, 1) 145
(53, 52) 357
(57, 49) 180
(40, 23) 189
(21, 27) 10
(4, 37) 50
(43, 2) 463
(8, 32) 136
(7, 24) 47
(46, 13) 283
(29, 43) 327
(33, 40) 243
(16, 32) 344
(36, 35) 7
(58, 16) 268
(41, 56) 112
(22, 10) 42
(61, 37) 137
(44, 35) 407
(9, 7) 29
(48, 38) 344
(12, 52) 233
(34, 9) 133
(15, 25) 55
(37, 12) 122
(24, 15) 60
(62, 28) 12
(45, 60) 310
(49, 57) 180
(13, 19) 326
(52, 18) 205
(0, 8) 83
(20, 59) 30
(3, 5) 4
(25, 48) 180
(28, 11) 85
(50, 24) 176
(31, 14) 53
(53, 61) 170
(1, 47) 461
(57, 58) 15
(40, 30) 181
(21, 36) 90
(4, 44) 460
(8, 39) 224
(7, 17) 238
(46, 20) 325
(29, 36) 92
(33, 33) 0
(16, 39) 392
(36, 42) 223
(58, 27) 23
(41, 33) 212
(22, 13) 73
(61, 62) 94
(44, 26) 47
(9, 8) 8
(12, 51) 223
(34, 0) 84
(17, 56) 352
(37, 53) 287
(59, 8) 66
(24, 22) 15
(62, 7) 55
(45, 53) 120
(49, 50) 5
(13, 12) 13
(52, 25) 180
(0, 15) 48
(38, 28) 154
(3, 10) 162
(25, 57) 29
(28, 2) 148
(50, 19) 208
(53, 6) 223
(1, 32) 52
(40, 5) 291
(21, 45) 324
(4, 43) 459
(8, 46) 354
(7, 14) 100
(46, 31) 313
(29, 61) 89
(33, 58) 101
(16, 30) 285
(54, 47) 144
(58, 34) 95
(41, 42) 13
(22, 4) 135
(5, 52) 187
(61, 55) 170
(44, 17) 454
(9, 49) 124
(47, 4) 459
(12, 42) 113
(34, 27) 90
(17, 49) 202
(37, 62) 90
(59, 1) 163
(24, 29) 17
(62, 14) 60
(45, 46) 13
(10, 16) 226
(49, 43) 486
(13, 5) 167
(0, 6) 65
(38, 23) 170
(25, 2) 132
(28, 25) 17
(50, 10) 140
(53, 15) 165
(1, 57) 162
(40, 12) 132
(21, 54) 190
(4, 18) 357
(26, 35) 361
(7, 7) 0
(46, 38) 188
(29, 54) 183
(33, 51) 168
(16, 21) 285
(54, 38) 78
(19, 0) 289
(58, 45) 324
(41, 19) 389
(22, 31) 27
(5, 61) 186
(61, 48) 280
(44, 8) 368
(9, 58) 63
(47, 13) 294
(12, 33) 123
(34, 18) 336
(17, 42) 395
(37, 39) 213
(59, 6) 45
(42, 50) 345
(62, 49) 187
(45, 39) 198
(10, 27) 67
(49, 44) 484
(13, 62) 51
(35, 17) 337
(0, 29) 5
(38, 14) 103
(25, 11) 77
(28, 16) 285
(50, 5) 184
(14, 39) 97
(53, 8) 240
(1, 50) 184
(4, 25) 131
(26, 42) 151
(46, 41) 201
(29, 15) 43
(33, 52) 185
(16, 12) 315
(54, 57) 177
(19, 9) 208
(58, 52) 172
(41, 20) 158
(22, 22) 0
(5, 38) 273
(44, 7) 349
(9, 35) 133
(47, 10) 353
(30, 54) 186
(34, 45) 397
(17, 35) 337
(56, 2) 339
(37, 32) 0
(59, 31) 28
(42, 61) 87
(23, 13) 59
(62, 56) 204
(45, 32) 399
(10, 2) 156
(49, 37) 187
(13, 55) 169
(35, 22) 88
(0, 20) 7
(38, 1) 273
(25, 12) 55
(50, 60) 182
(14, 46) 263
(53, 17) 352
(1, 11) 100
(21, 56) 206
(4, 0) 135
(26, 53) 86
(46, 48) 471
(29, 8) 87
(51, 39) 328
(16, 3) 364
(54, 48) 349
(19, 14) 314
(2, 42) 278
(41, 29) 146
(22, 41) 171
(5, 47) 461
(9, 36) 141
(47, 19) 453
(30, 57) 24
(34, 36) 7
(17, 36) 345
(56, 9) 234
(37, 41) 211
(59, 20) 30
(42, 36) 223
(23, 10) 60
(62, 35) 84
(45, 25) 327
(10, 13) 110
(13, 48) 237
(35, 31) 90
(18, 61) 368
(38, 56) 102
(60, 13) 64
(25, 21) 4
(50, 55) 348
(14, 49) 241
(53, 26) 86
(1, 12) 174
(39, 27) 149
(4, 15) 171
(26, 60) 275
(46, 59) 307
(29, 1) 142
(51, 44) 481
(54, 11) 226
(19, 23) 285
(2, 37) 55
(41, 6) 200
(22, 32) 95
(5, 40) 291
(9, 45) 353
(47, 24) 342
(30, 32) 94
(17, 29) 295
(56, 16) 347
(55, 40) 108
(59, 45) 311
(42, 47) 195
(23, 3) 130
(6, 57) 46
(62, 42) 161
(45, 18) 442
(10, 52) 138
(32, 9) 141
(13, 41) 103
(35, 4) 53
(18, 52) 205
(38, 51) 334
(60, 4) 157
(25, 30) 8
(11, 31) 78
(50, 46) 474
(14, 56) 151
(1, 5) 0
(39, 16) 392
(26, 7) 305
(48, 24) 175
(29, 26) 281
(51, 53) 353
(54, 2) 320
(19, 28) 285
(2, 60) 158
(41, 15) 103
(22, 59) 24
(5, 17) 367
(27, 44) 325
(47, 33) 410
(30, 43) 330
(34, 54) 265
(17, 22) 271
(56, 23) 212
(55, 33) 282
(20, 5) 135
(59, 34) 110
(42, 22) 180
(23, 24) 3
(6, 48) 138
(62, 45) 321
(45, 11) 355
(32, 0) 90
(13, 34) 113
(35, 13) 112
(18, 47) 450
(38, 42) 0
(60, 3) 159
(43, 61) 280
(11, 20) 77
(50, 41) 336
(14, 3) 184
(36, 20) 87
(1, 30) 143
(39, 9) 221
(26, 14) 229
(48, 31) 192
(29, 19) 292
(51, 58) 162
(15, 32) 122
(54, 5) 319
(19, 37) 344
(2, 55) 333
(22, 50) 166
(5, 26) 415
(27, 37) 95
(47, 46) 18
(30, 18) 284
(34, 49) 180
(17, 15) 318
(56, 30) 203
(55, 62) 197
(20, 12) 55
(59, 59) 0
(42, 17) 395
(23, 17) 288
(6, 43) 353
(45, 4) 449
(10, 38) 207
(32, 7) 119
(31, 49) 192
(35, 50) 179
(18, 38) 389
(57, 1) 162
(38, 45) 185
(60, 26) 275
(43, 50) 489
(8, 16) 211
(11, 13) 76
(50, 32) 185
(14, 10) 107
(36, 19) 343
(1, 23) 134
(39, 6) 203
(26, 9) 319
(48, 22) 165
(51, 3) 168
(15, 41) 103
(54, 28) 177
(19, 42) 391
(2, 14) 189
(22, 53) 214
(5, 3) 4
(27, 58) 23
(47, 55) 141
(30, 21) 4
(52, 34) 180
(17, 0) 292
(56, 37) 287
(55, 55) 0
(20, 11) 77
(3, 53) 335
(59, 48) 180
(42, 24) 173
(23, 46) 327
(6, 34) 120
(10, 33) 127
(32, 30) 94
(31, 62) 6
(35, 59) 110
(18, 33) 343
(57, 10) 46
(38, 36) 223
(60, 17) 268
(43, 43) 0
(8, 23) 77
(11, 2) 107
(14, 13) 24
(36, 26) 363
(61, 14) 56
(26, 16) 421
(48, 13) 237
(51, 8) 113
(15, 54) 146
(54, 23) 195
(19, 51) 218
(2, 9) 164
(24, 38) 173
(5, 12) 174
(27, 51) 181
(47, 60) 320
(30, 28) 9
(52, 41) 335
(56, 44) 129
(55, 12) 160
(20, 18) 285
(3, 58) 144
(42, 3) 270
(23, 39) 163
(6, 37) 127
(10, 40) 225
(32, 21) 91
(31, 39) 149
(35, 32) 8
(18, 24) 282
(57, 19) 265
(40, 53) 99
(60, 40) 181
(43, 32) 409
(8, 30) 80
(7, 62) 55
(11, 59) 105
(33, 10) 127
(14, 20) 66
(36, 1) 52
(39, 52) 338
(61, 7) 146
(26, 27) 279
(48, 4) 177
(12, 26) 242
(51, 17) 217
(19, 56) 347
(2, 0) 137
(24, 45) 331
(27, 8) 86
(49, 27) 192
(30, 7) 51
(52, 48) 0
(56, 51) 353
(55, 5) 333
(20, 25) 0
(3, 35) 52
(42, 10) 207
(23, 60) 30
(6, 28) 63
(28, 41) 144
(32, 44) 410
(31, 44) 325
(35, 41) 210
(18, 19) 3
(57, 20) 29
(40, 60) 181
(21, 6) 60
(60, 39) 158
(43, 25) 338
(8, 5) 169
(7, 55) 210
(11, 48) 226
(33, 3) 47
(14, 31) 53
(36, 8) 135
(39, 45) 198
(61, 0) 94
(44, 56) 129
(48, 59) 180
(12, 17) 318
(51, 22) 155
(15, 4) 171
(37, 23) 86
(2, 27) 142
(24, 52) 175
(27, 1) 145
(49, 28) 191
(30, 14) 60
(0, 45) 321
(56, 58) 205
(55, 2) 333
(20, 32) 87
(3, 40) 288
(23, 53) 212
(6, 23) 60
(28, 32) 102
(32, 35) 8
(31, 21) 10
(35, 46) 396
(18, 10) 226
(57, 29) 29
(40, 35) 240
(21, 15) 52
(60, 62) 28
(43, 30) 330
(8, 12) 123
(7, 44) 349
(11, 41) 161
(33, 4) 49
(16, 60) 265
(36, 55) 282
(58, 4) 142
(39, 42) 13
(61, 25) 101
(44, 55) 140
(9, 19) 208
(48, 50) 4
(12, 8) 123
(51, 31) 181
(15, 13) 13
(37, 16) 344
(2, 18) 351
(24, 59) 30
(27, 6) 67
(49, 21) 182
(52, 6) 138
(0, 36) 90
(55, 27) 191
(20, 47) 338
(3, 17) 364
(23, 50) 179
(6, 14) 107
(32, 58) 102
(31, 18) 289
(53, 33) 288
(18, 5) 366
(57, 38) 163
(40, 42) 19
(21, 8) 79
(4, 48) 177
(60, 53) 191
(43, 23) 339
(8, 51) 113
(7, 37) 119
(46, 0) 319
(11, 46) 355
(33, 29) 93
(16, 51) 218
(36, 62) 90
(58, 15) 62
(39, 35) 212
(61, 18) 368
(44, 46) 14
(9, 20) 79
(48, 41) 335
(12, 7) 94
(15, 10) 102
(37, 25) 87
(24, 2) 129
(62, 19) 289
(27, 31) 0
(49, 14) 241
(52, 13) 237
(0, 59) 29
(55, 16) 332
(20, 54) 194
(3, 22) 137
(25, 37) 87
(6, 1) 165
(28, 54) 177
(32, 49) 187
(31, 27) 0
(53, 42) 102
(57, 47) 320
(40, 17) 408
(21, 17) 288
(43, 12) 289
(8, 58) 63
(7, 34) 112
(46, 11) 355
(11, 39) 163
(33, 22) 95
(16, 42) 391
(36, 37) 1
(58, 22) 9
(41, 54) 88
(61, 43) 280
(44, 37) 410
(9, 29) 88
(48, 32) 187
(12, 62) 48
(34, 15) 119
(15, 19) 315
(37, 2) 55
(24, 9) 76
(62, 26) 286
(27, 20) 13
(49, 7) 143
(13, 25) 58
(52, 20) 180
(0, 50) 188
(20, 61) 101
(3, 31) 141
(25, 46) 325
(28, 13) 47
(50, 30) 186
(31, 0) 6
(53, 51) 353
(57, 48) 181
(40, 24) 192
(21, 26) 288
(4, 38) 273
(43, 5) 461
(8, 33) 135
(7, 27) 57
(46, 18) 432
(29, 42) 156
(33, 47) 410
(16, 33) 343
(36, 44) 410
(58, 17) 271
(22, 11) 93
(61, 36) 137
(44, 28) 320
(9, 6) 20
(48, 39) 338
(12, 53) 165
(34, 6) 120
(15, 24) 60
(37, 11) 53
(24, 16) 283
(62, 29) 5
(45, 59) 311
(49, 56) 357
(13, 18) 325
(52, 19) 203
(0, 9) 84
(38, 26) 151
(3, 4) 9
(25, 55) 203
(28, 4) 147
(50, 25) 181
(31, 9) 87
(53, 60) 191
(1, 46) 450
(57, 57) 0
(40, 31) 174
(21, 35) 85
(4, 45) 449
(8, 40) 245
(7, 16) 236
(46, 21) 321
(29, 35) 87
(33, 32) 2
(16, 24) 283
(36, 43) 409
(58, 24) 17
(41, 32) 211
(22, 2) 135
(61, 61) 0
(44, 27) 325
(9, 15) 121
(12, 44) 289
(34, 1) 55
(37, 52) 187
(59, 11) 105
(24, 23) 3
(62, 4) 135
(45, 52) 477
(10, 22) 42
(49, 49) 0
(13, 11) 76
(52, 26) 443
(0, 0) 0
(38, 29) 156
(3, 13) 163
(25, 56) 210
(28, 3) 148
(50, 16) 208
(53, 5) 339
(1, 39) 262
(40, 6) 225
(21, 44) 334
(4, 20) 131
(8, 47) 369
(7, 9) 29
(46, 28) 308
(29, 60) 29
(33, 57) 115
(16, 31) 290
(54, 44) 144
(58, 35) 95
(41, 41) 0
(22, 5) 140
(5, 51) 169
(61, 54) 147
(44, 18) 445
(9, 48) 124
(47, 7) 350
(12, 43) 289
(34, 24) 79
(17, 48) 202
(37, 61) 137
(59, 0) 29
(24, 30) 11
(62, 15) 48
(45, 45) 0
(10, 17) 229
(49, 42) 343
(13, 4) 165
(0, 7) 55
(38, 20) 168
(25, 1) 135
(28, 26) 275
(50, 11) 226
(53, 14) 151
(1, 56) 339
(40, 13) 132
(21, 53) 206
(4, 19) 356
(26, 32) 363
(7, 6) 10
(46, 39) 200
(29, 53) 200
(33, 50) 184
(16, 22) 268
(54, 39) 89
(19, 3) 364
(58, 42) 173
(41, 18) 387
(22, 28) 27
(5, 60) 162
(44, 9) 362
(9, 57) 65
(47, 12) 289
(12, 34) 119
(34, 19) 336
(17, 41) 393
(37, 38) 223
(59, 25) 30
(42, 51) 334
(62, 54) 188
(45, 38) 185
(10, 24) 57
(49, 35) 180
(13, 61) 45
(35, 16) 336
(0, 30) 5
(38, 15) 113
(25, 10) 60
(28, 17) 288
(50, 2) 166
(14, 36) 136
(53, 23) 212
(1, 49) 187
(21, 62) 5
(4, 26) 413
(26, 43) 46
(46, 46) 0
(29, 14) 54
(51, 33) 168
(16, 13) 326
(54, 62) 188
(19, 8) 211
(58, 53) 205
(41, 27) 146
(22, 23) 17
(5, 37) 52
(44, 0) 331
(9, 34) 133
(47, 21) 334
(30, 55) 195
(34, 42) 222
(17, 34) 337
(56, 3) 335
(37, 47) 409
(59, 30) 25
(42, 58) 173
(23, 12) 57
(62, 57) 28
(45, 31) 315
(10, 3) 162
(49, 36) 186
(13, 54) 153
(35, 25) 81
(0, 21) 5
(38, 6) 207
(25, 19) 286
(50, 61) 281
(14, 47) 275
(53, 16) 347
(1, 10) 165
(39, 29) 149
(4, 1) 10
(26, 50) 446
(46, 49) 470
(29, 7) 59
(51, 38) 334
(16, 4) 356
(54, 49) 348
(19, 17) 6
(2, 43) 463
(58, 60) 15
(41, 28) 144
(22, 46) 330
(5, 46) 450
(9, 43) 363
(47, 18) 450
(30, 62) 5
(34, 37) 8
(17, 27) 293
(56, 10) 223
(37, 40) 241
(59, 23) 30
(42, 37) 223
(23, 5) 134
(62, 32) 90
(45, 24) 331
(10, 10) 0
(13, 47) 294
(35, 30) 88
(18, 58) 268
(38, 57) 163
(60, 14) 62
(25, 20) 0
(11, 25) 77
(50, 52) 4
(14, 54) 132
(53, 25) 210
(1, 3) 4
(39, 26) 163
(4, 8) 160
(26, 61) 235
(46, 56) 116
(29, 0) 5
(51, 47) 482
(54, 8) 230
(19, 22) 268
(2, 34) 56
(41, 5) 260
(22, 33) 95
(5, 23) 134
(9, 44) 362
(47, 27) 325
(30, 33) 94
(34, 60) 109
(17, 28) 288
(56, 17) 352
(55, 43) 141
(59, 44) 320
(42, 44) 197
(23, 2) 131
(6, 62) 65
(62, 43) 332
(45, 17) 451
(10, 53) 223
(32, 10) 127
(13, 40) 132
(35, 7) 112
(18, 53) 345
(38, 48) 344
(60, 5) 162
(25, 29) 12
(11, 30) 81
(50, 47) 489
(14, 57) 62
(1, 4) 10
(39, 19) 392
(26, 4) 413
(48, 25) 180
(29, 25) 12
(51, 52) 17
(54, 3) 316
(19, 31) 290
(2, 61) 192
(41, 14) 94
(22, 56) 214
(5, 16) 366
(27, 47) 325
(47, 32) 409
(30, 40) 181
(34, 55) 278
(17, 21) 288
(56, 24) 214
(55, 32) 282
(20, 6) 60
(59, 37) 116
(42, 23) 170
(23, 27) 15
(6, 49) 138
(45, 10) 343
(10, 60) 46
(32, 1) 52
(13, 33) 116
(35, 12) 119
(18, 44) 445
(38, 43) 195
(60, 28) 21
(43, 60) 320
(11, 23) 77
(50, 38) 345
(14, 0) 60
(36, 21) 90
(1, 29) 142
(39, 8) 224
(26, 15) 242
(48, 16) 203
(29, 18) 291
(51, 61) 268
(15, 35) 119
(54, 26) 98
(19, 36) 343
(2, 52) 169
(22, 51) 155
(5, 25) 135
(27, 36) 95
(47, 41) 208
(30, 19) 285
(52, 36) 186
(17, 14) 318
(56, 31) 198
(55, 57) 182
(20, 13) 58
(59, 58) 15
(42, 30) 162
(23, 16) 285
(6, 40) 225
(45, 3) 447
(10, 39) 203
(32, 24) 86
(31, 48) 192
(35, 53) 283
(18, 39) 390
(57, 0) 28
(38, 34) 222
(60, 27) 27
(43, 53) 130
(8, 17) 213
(11, 12) 86
(50, 33) 184
(14, 11) 100
(36, 28) 101
(1, 22) 140
(39, 1) 262
(26, 22) 297
(48, 23) 178
(51, 2) 151
(15, 40) 132
(54, 29) 183
(19, 45) 445
(2, 15) 175
(24, 32) 86
(5, 2) 18
(27, 61) 90
(47, 54) 144
(30, 26) 284
(52, 35) 180
(17, 7) 238
(56, 38) 102
(55, 54) 33
(20, 20) 0
(3, 52) 186
(59, 51) 171
(42, 25) 168
(23, 41) 160
(6, 35) 120
(10, 46) 338
(32, 31) 95
(31, 57) 27
(35, 58) 95
(18, 30) 284
(57, 9) 65
(38, 37) 223
(60, 18) 264
(43, 42) 195
(8, 24) 75
(11, 5) 100
(14, 18) 313
(36, 27) 95
(39, 62) 154
(61, 13) 45
(26, 17) 426
(48, 14) 242
(12, 28) 41
(51, 11) 211
(15, 49) 233
(54, 20) 194
(19, 50) 208
(2, 6) 156
(24, 39) 166
(5, 11) 100
(27, 50) 193
(30, 29) 8
(52, 42) 344
(56, 45) 120
(55, 15) 160
(20, 19) 286
(3, 61) 183
(42, 0) 161
(23, 38) 170
(6, 26) 308
(10, 41) 200
(32, 22) 95
(31, 38) 155
(35, 35) 0
(18, 25) 285
(57, 18) 264
(40, 54) 76
(60, 41) 155
(43, 35) 407
(8, 31) 86
(7, 57) 38
(11, 58) 95
(33, 9) 140
(14, 21) 63
(36, 2) 55
(39, 55) 120
(61, 6) 155
(26, 24) 296
(48, 5) 187
(12, 27) 42
(51, 16) 218
(15, 62) 48
(19, 59) 264
(2, 1) 18
(24, 46) 329
(27, 11) 78
(49, 26) 443
(30, 4) 138
(52, 49) 1
(56, 52) 357
(55, 4) 330
(20, 26) 292
(3, 34) 52
(42, 11) 174
(6, 29) 68
(28, 42) 154
(32, 45) 399
(31, 47) 325
(35, 40) 240
(18, 16) 3
(57, 27) 27
(40, 61) 105
(21, 5) 139
(60, 32) 115
(43, 24) 342
(8, 6) 21
(7, 54) 209
(11, 51) 211
(33, 2) 54
(14, 28) 51
(36, 9) 141
(39, 44) 210
(61, 31) 90
(44, 57) 320
(48, 60) 181
(12, 18) 314
(51, 25) 169
(15, 7) 94
(37, 22) 95
(2, 24) 129
(24, 53) 214
(27, 0) 6
(49, 19) 203
(30, 15) 49
(52, 56) 357
(0, 46) 319
(56, 59) 191
(55, 29) 193
(20, 33) 87
(3, 43) 457
(23, 52) 178
(6, 20) 60
(28, 33) 102
(32, 36) 1
(31, 20) 13
(53, 39) 114
(18, 11) 360
(57, 28) 21
(40, 36) 241
(21, 14) 63
(43, 17) 458
(8, 13) 130
(7, 47) 350
(11, 40) 192
(33, 27) 95
(16, 61) 369
(36, 48) 186
(58, 5) 148
(39, 37) 213
(61, 24) 105
(44, 48) 484
(9, 18) 207
(48, 51) 17
(12, 9) 121
(51, 30) 174
(15, 12) 0
(37, 31) 95
(2, 19) 351
(24, 60) 30
(27, 25) 13
(49, 20) 180
(52, 7) 143
(0, 37) 90
(55, 26) 98
(20, 40) 187
(3, 16) 364
(25, 35) 81
(6, 15) 102
(28, 56) 193
(32, 59) 116
(31, 29) 3
(53, 32) 287
(18, 2) 351
(57, 37) 115
(40, 43) 180
(21, 23) 5
(4, 49) 177
(60, 54) 177
(43, 22) 343
(8, 52) 119
(7, 36) 119
(46, 1) 450
(11, 33) 55
(33, 28) 102
(16, 52) 203
(58, 12) 62
(39, 34) 212
(61, 17) 372
(44, 47) 7
(9, 27) 87
(48, 42) 344
(12, 0) 48
(15, 21) 52
(37, 24) 86
(24, 3) 130
(62, 16) 289
(27, 30) 7
(49, 13) 237
(13, 31) 46
(52, 14) 242
(0, 60) 28
(55, 19) 332
(20, 55) 203
(3, 25) 132
(25, 36) 87
(6, 6) 0
(28, 55) 186
(32, 50) 185
(31, 26) 279
(53, 41) 112
(57, 46) 307
(40, 18) 402
(21, 16) 285
(4, 56) 336
(43, 15) 289
(8, 59) 66
(7, 29) 59
(46, 8) 354
(11, 38) 174
(33, 21) 91
(16, 43) 453
(36, 38) 223
(58, 23) 18
(41, 53) 112
(61, 42) 87
(44, 38) 197
(9, 28) 83
(48, 33) 185
(34, 12) 119
(15, 18) 314
(37, 1) 52
(24, 10) 57
(62, 27) 6
(27, 23) 15
(49, 6) 138
(13, 24) 62
(52, 21) 182
(0, 51) 175
(20, 62) 7
(3, 30) 139
(25, 45) 327
(28, 14) 51
(50, 31) 193
(31, 3) 141
(53, 50) 360
(57, 55) 182
(40, 25) 187
(21, 25) 4
(4, 39) 263
(43, 4) 459
(8, 34) 128
(7, 26) 305
(46, 19) 435
(29, 41) 146
(33, 46) 399
(16, 34) 336
(36, 45) 399
(58, 30) 17
(41, 62) 151
(22, 8) 60
(61, 35) 137
(44, 29) 327
(9, 5) 175
(12, 54) 146
(34, 7) 112
(15, 27) 42
(37, 10) 127
(24, 17) 286
(62, 2) 137
(45, 58) 324
(13, 17) 329
(52, 28) 192
(0, 10) 65
(38, 27) 155
(3, 7) 155
(25, 54) 194
(28, 5) 151
(50, 22) 166
(31, 8) 86
(53, 59) 191
(1, 45) 451
(57, 56) 191
(40, 0) 180
(21, 34) 85
(4, 46) 448
(8, 41) 220
(7, 19) 236
(46, 26) 37
(29, 34) 87
(33, 39) 214
(16, 25) 286
(54, 42) 78
(58, 25) 18
(41, 39) 3
(22, 3) 137
(61, 60) 109
(44, 20) 337
(9, 14) 126
(12, 45) 279
(34, 30) 88
(17, 62) 292
(37, 51) 170
(59, 10) 45
(24, 24) 0
(62, 5) 139
(45, 51) 472
(10, 23) 60
(49, 48) 1
(13, 10) 110
(52, 27) 192
(0, 1) 139
(38, 18) 389
(3, 12) 170
(28, 28) 0
(50, 17) 206
(53, 4) 336
(1, 38) 273
(40, 7) 219
(21, 43) 334
(4, 21) 134
(26, 38) 151
(7, 8) 29
(46, 29) 315
(29, 59) 30
(33, 56) 288
(16, 16) 0
(54, 45) 134
(58, 32) 102
(41, 40) 31
(22, 26) 297
(5, 50) 184
(61, 53) 170
(44, 19) 448
(9, 55) 222
(47, 6) 353
(12, 36) 122
(34, 25) 81
(17, 55) 337
(37, 60) 115
(59, 3) 159
(24, 31) 17
(62, 12) 48
(45, 44) 12
(10, 30) 60
(49, 41) 335
(13, 3) 163
(0, 24) 11
(38, 21) 165
(25, 0) 7
(28, 27) 7
(50, 8) 121
(14, 34) 133
(53, 13) 173
(40, 14) 121
(21, 52) 182
(4, 28) 147
(26, 33) 364
(7, 1) 159
(46, 36) 398
(29, 52) 192
(33, 49) 185
(16, 23) 285
(54, 36) 267
(19, 2) 351
(58, 43) 334
(41, 17) 393
(22, 29) 28
(5, 59) 163
(44, 10) 351
(9, 56) 234
(47, 15) 289
(12, 35) 119
(34, 16) 336
(17, 40) 408
(37, 37) 0
(59, 24) 30
(42, 48) 344
(62, 55) 197
(45, 37) 399
(10, 25) 60
(49, 34) 180
(13, 60) 64
(35, 19) 336
(0, 31) 6
(38, 12) 113
(25, 9) 79
(28, 18) 284
(50, 3) 183
(14, 37) 136
(53, 22) 214
(1, 48) 187
(21, 61) 99
(4, 27) 141
(26, 40) 137
(46, 47) 18
(29, 13) 46
(51, 32) 170
(16, 14) 314
(19, 11) 360
(58, 50) 173
(41, 26) 164
(22, 20) 18
(5, 36) 52
(44, 1) 462
(9, 33) 140
(47, 20) 338
(30, 52) 185
(34, 43) 407
(17, 33) 344
(56, 4) 336
(37, 46) 398
(59, 17) 266
(42, 59) 164
(23, 15) 57
(62, 62) 0
(45, 30) 320
(10, 0) 65
(13, 53) 173
(35, 24) 79
(0, 22) 23
(38, 7) 201
(25, 18) 285
(50, 58) 173
(14, 44) 275
(53, 31) 198
(1, 9) 175
(39, 28) 147
(4, 2) 9
(26, 51) 438
(46, 54) 131
(29, 6) 68
(51, 41) 325
(16, 5) 366
(54, 54) 0
(19, 16) 0
(2, 40) 297
(58, 61) 112
(41, 3) 257
(22, 47) 343
(5, 45) 451
(9, 42) 224
(47, 29) 327
(34, 34) 0
(17, 26) 426
(56, 11) 247
(55, 45) 132
(59, 22) 24
(42, 34) 222
(23, 4) 129
(62, 33) 90
(45, 23) 329
(10, 11) 134
(13, 46) 283
(35, 1) 55
(18, 59) 263
(38, 62) 161
(60, 15) 56
(25, 27) 13
(11, 24) 79
(50, 53) 360
(14, 55) 146
(53, 24) 214
(1, 2) 18
(39, 21) 158
(4, 9) 167
(26, 58) 289
(46, 57) 307
(29, 31) 3
(51, 46) 467
(54, 9) 225
(19, 25) 286
(2, 35) 57
(41, 4) 261
(22, 38) 180
(5, 22) 140
(27, 41) 146
(47, 26) 46
(30, 38) 162
(34, 61) 137
(17, 19) 6
(56, 18) 345
(55, 42) 109
(59, 47) 321
(42, 45) 185
(23, 29) 14
(62, 40) 180
(45, 16) 445
(10, 50) 140
(32, 11) 53
(13, 39) 105
(35, 6) 120
(18, 50) 209
(38, 49) 343
(60, 6) 46
(25, 28) 17
(11, 17) 362
(50, 44) 487
(14, 62) 60
(1, 27) 145
(39, 18) 390
(26, 5) 415
(48, 26) 443
(29, 24) 17
(51, 55) 341
(15, 37) 122
(54, 0) 188
(19, 30) 285
(2, 58) 143
(41, 13) 103
(22, 57) 24
(5, 31) 145
(27, 46) 313
(47, 35) 407
(30, 41) 152
(34, 52) 180
(17, 20) 288
(56, 25) 210
(55, 35) 278
(20, 7) 50
(59, 36) 115
(42, 20) 168
(23, 26) 293
(6, 54) 212
(45, 9) 353
(10, 61) 155
(32, 2) 55
(13, 32) 115
(35, 15) 119
(18, 45) 442
(38, 40) 19
(60, 29) 29
(11, 22) 93
(50, 39) 340
(14, 1) 188
(36, 22) 95
(1, 28) 151
(39, 11) 163
(26, 12) 242
(48, 17) 202
(29, 17) 295
(51, 60) 172
(15, 34) 119
(54, 27) 181
(19, 39) 392
(2, 53) 339
(22, 48) 165
(5, 24) 133
(27, 39) 149
(47, 40) 180
(30, 16) 285
(52, 37) 187
(17, 13) 329
(56, 32) 287
(55, 56) 16
(20, 14) 66
(59, 61) 110
(42, 31) 155
(23, 19) 285
(6, 41) 200
(45, 2) 453
(10, 36) 127
(32, 25) 87
(31, 51) 181
(35, 52) 180
(18, 36) 343
(57, 7) 38
(38, 35) 222
(60, 20) 29
(43, 52) 486
(8, 18) 211
(11, 15) 86
(14, 8) 128
(36, 29) 92
(1, 21) 139
(39, 0) 154
(26, 23) 293
(48, 8) 119
(51, 5) 169
(15, 43) 289
(54, 18) 350
(19, 44) 448
(2, 12) 175
(24, 33) 86
(5, 1) 0
(27, 60) 27
(47, 49) 486
(30, 27) 7
(52, 44) 484
(17, 6) 229
(56, 39) 114
(55, 49) 345
(20, 21) 4
(3, 55) 330
(59, 50) 181
(42, 6) 207
(23, 40) 189
(6, 32) 127
(10, 47) 353
(32, 16) 344
(31, 56) 198
(35, 61) 137
(18, 31) 289
(57, 8) 67
(40, 48) 362
(60, 19) 265
(43, 45) 10
(8, 25) 78
(11, 4) 101
(14, 19) 314
(36, 4) 50
(39, 57) 158
(61, 12) 54
(26, 30) 284
(48, 15) 233
(12, 29) 43
(51, 10) 131
(15, 48) 233
(54, 21) 190
(19, 53) 347
(2, 7) 150
(24, 40) 192
(5, 10) 165
(27, 53) 198
(47, 62) 332
(30, 2) 139
(52, 43) 486
(56, 46) 116
(55, 14) 146
(20, 28) 17
(3, 60) 159
(42, 1) 273
(23, 33) 86
(6, 27) 67
(28, 44) 320
(32, 23) 86
(31, 33) 95
(35, 34) 0
(18, 22) 268
(57, 17) 268
(40, 55) 108
(60, 42) 163
(43, 34) 407
(8, 0) 83
(7, 56) 220
(11, 61) 87
(33, 8) 135
(14, 26) 229
(36, 3) 48
(39, 54) 89
(61, 5) 186
(26, 25) 292
(48, 6) 138
(12, 20) 55
(51, 19) 218
(15, 57) 56
(19, 58) 268
(2, 30) 139
(24, 47) 342
(27, 10) 67
(49, 25) 180
(30, 5) 143
(52, 50) 4
(0, 40) 180
(56, 53) 0
(55, 7) 210
(20, 27) 13
(3, 37) 48
(42, 8) 228
(23, 62) 9
(6, 18) 226
(28, 43) 321
(32, 46) 398
(31, 46) 313
(35, 43) 407
(18, 17) 9
(57, 26) 275
(40, 62) 180
(21, 4) 134
(60, 33) 115
(43, 27) 325
(8, 7) 29
(7, 49) 143
(11, 50) 226
(33, 1) 51
(14, 29) 54
(36, 10) 127
(39, 47) 207
(61, 30) 97
(44, 58) 334
(48, 61) 280
(12, 19) 315
(51, 24) 164
(15, 6) 102
(37, 21) 91
(2, 25) 132
(24, 54) 198
(27, 3) 141
(49, 18) 204
(30, 12) 49
(52, 57) 181
(0, 47) 332
(56, 60) 191
(55, 28) 186
(20, 34) 81
(3, 42) 270
(23, 55) 204
(6, 21) 60
(28, 34) 96
(32, 37) 0
(31, 23) 15
(53, 38) 102
(18, 8) 211
(57, 35) 109
(40, 37) 241
(21, 13) 55
(60, 56) 191
(43, 16) 453
(8, 14) 128
(7, 46) 336
(11, 43) 365
(33, 26) 364
(16, 62) 289
(36, 49) 186
(58, 2) 143
(39, 36) 213
(61, 23) 102
(44, 49) 484
(9, 17) 210
(48, 52) 0
(12, 10) 102
(15, 15) 0
(37, 30) 94
(2, 16) 351
(24, 61) 105
(27, 24) 17
(49, 11) 226
(52, 0) 187
(0, 38) 161
(55, 21) 199
(20, 41) 158
(3, 19) 364
(25, 34) 81
(6, 12) 102
(28, 57) 21
(32, 60) 115
(31, 28) 7
(53, 47) 130
(18, 3) 364
(57, 36) 115
(40, 44) 183
(21, 22) 18
(4, 50) 174
(60, 55) 182
(43, 9) 363
(8, 53) 240
(7, 39) 196
(46, 6) 338
(11, 32) 53
(33, 19) 343
(16, 53) 347
(36, 56) 287
(58, 13) 67
(41, 51) 325
(61, 16) 369
(44, 40) 183
(9, 26) 319
(48, 43) 486
(12, 1) 174
(15, 20) 55
(37, 7) 119
(24, 4) 128
(62, 17) 292
(27, 17) 293
(49, 12) 233
(13, 30) 53
(52, 15) 233
(0, 61) 94
(55, 18) 329
(20, 48) 180
(3, 24) 130
(25, 43) 338
(6, 7) 10
(28, 48) 192
(32, 51) 170
(31, 5) 145
(53, 40) 99
(57, 45) 310
(40, 19) 404
(21, 31) 10
(4, 57) 157
(43, 14) 275
(8, 60) 67
(7, 28) 54
(46, 9) 348
(29, 47) 327
(33, 20) 87
(16, 44) 448
(36, 39) 213
(58, 20) 18
(41, 52) 335
(61, 41) 74
(44, 39) 210
(9, 3) 172
(48, 34) 180
(12, 56) 165
(34, 13) 113
(15, 29) 43
(37, 0) 90
(24, 11) 79
(62, 24) 11
(27, 22) 27
(49, 5) 187
(13, 23) 59
(52, 22) 165
(0, 52) 187
(3, 1) 4
(25, 44) 337
(28, 15) 41
(50, 28) 193
(31, 2) 142
(53, 49) 357
(1, 43) 461
(57, 54) 177
(40, 26) 137
(21, 24) 8
(4, 32) 50
(43, 7) 350
(8, 35) 128
(7, 21) 50
(46, 16) 435
(29, 40) 175
(33, 45) 400
(16, 35) 336
(36, 46) 398
(58, 31) 23
(41, 61) 74
(22, 9) 62
(61, 34) 137
(44, 30) 330
(9, 4) 167
(12, 55) 160
(34, 4) 53
(15, 26) 242
(37, 9) 141
(24, 18) 282
(62, 3) 136
(45, 57) 310
(49, 62) 187
(13, 16) 326
(52, 29) 192
(0, 11) 76
(38, 24) 173
(3, 6) 162
(25, 53) 210
(28, 6) 63
(50, 23) 179
(31, 11) 78
(53, 58) 205
(1, 44) 462
(40, 1) 291
(21, 33) 91
(4, 47) 459
(8, 42) 228
(7, 18) 235
(46, 27) 313
(29, 33) 93
(33, 38) 224
(16, 26) 421
(54, 43) 144
(58, 38) 173
(41, 38) 13
(22, 0) 23
(61, 59) 110
(44, 21) 334
(9, 13) 129
(12, 46) 277
(34, 31) 90
(17, 61) 372
(37, 50) 185
(59, 13) 65
(24, 25) 5
(62, 10) 65
(45, 50) 479
(10, 20) 60
(49, 55) 345
(13, 9) 129
(0, 2) 137
(38, 19) 391
(3, 15) 170
(25, 62) 7
(28, 29) 10
(50, 14) 243
(53, 3) 335
(1, 37) 52
(40, 8) 245
(21, 42) 165
(4, 22) 135
(26, 39) 163
(7, 11) 125
(46, 34) 396
(29, 58) 24
(16, 17) 6
(54, 34) 265
(58, 33) 101
(41, 47) 208
(22, 27) 27
(5, 49) 187
(61, 52) 280
(44, 12) 289
(9, 54) 225
(47, 1) 461
(12, 37) 122
(34, 22) 89
(17, 54) 358
(37, 59) 116
(59, 2) 158
(42, 54) 78
(62, 13) 51
(45, 43) 10
(10, 31) 67
(49, 40) 362
(13, 2) 169
(0, 25) 7
(38, 10) 207
(25, 7) 50
(28, 20) 17
(50, 9) 126
(14, 35) 133
(53, 12) 165
(1, 62) 139
(40, 15) 132
(21, 51) 171
(4, 29) 138
(26, 46) 37
(7, 0) 55
(46, 37) 398
(29, 51) 181
(33, 48) 185
(16, 8) 211
(54, 37) 268
(19, 5) 366
(58, 40) 191
(41, 16) 389
(22, 18) 268
(5, 58) 148
(44, 11) 366
(47, 14) 275
(30, 50) 186
(34, 17) 337
(17, 47) 458
(37, 36) 1
(59, 27) 28
(42, 49) 343
(62, 52) 187
(45, 36) 399
(10, 6) 0
(49, 33) 185
(13, 59) 65
(35, 18) 336
(0, 16) 289
(38, 13) 114
(25, 8) 78
(28, 19) 285
(50, 0) 188
(14, 42) 103
(53, 21) 206
(1, 55) 333
(21, 60) 26
(4, 4) 0
(26, 41) 164
(46, 44) 14
(29, 12) 43
(51, 35) 164
(16, 15) 315
(54, 60) 177
(19, 10) 226
(2, 46) 452
(58, 51) 162
(41, 25) 158
(22, 21) 18
(5, 35) 55
(44, 2) 464
(9, 32) 141
(47, 23) 339
(30, 53) 203
(34, 40) 241
(17, 32) 345
(56, 5) 339
(37, 45) 399
(59, 16) 264
(42, 56) 102
(23, 14) 68
(45, 29) 317
(10, 1) 165
(13, 52) 237
(35, 27) 90
(0, 23) 9
(38, 4) 273
(25, 17) 288
(50, 59) 181
(14, 45) 265
(53, 30) 203
(1, 8) 169
(39, 31) 149
(4, 3) 9
(26, 48) 443
(46, 55) 126
(29, 5) 142
(51, 40) 353
(16, 6) 226
(54, 55) 33
(19, 19) 0
(2, 41) 266
(58, 58) 0
(41, 2) 266
(22, 44) 342
(5, 44) 462
(9, 41) 217
(47, 28) 321
(30, 60) 24
(34, 35) 0
(17, 25) 288
(56, 12) 165
(55, 44) 140
(59, 41) 156
(42, 35) 222
(23, 7) 50
(62, 38) 161
(45, 22) 333
(10, 8) 21
(13, 45) 284
(35, 0) 84
(18, 56) 345
(60, 8) 67
(25, 26) 292
(11, 27) 78
(50, 50) 0
(14, 52) 242
(1, 1) 0
(39, 20) 161
(4, 10) 158
(26, 59) 275
(46, 62) 319
(29, 30) 8
(51, 49) 18
(54, 14) 132
(19, 24) 283
(2, 32) 55
(41, 11) 161
(22, 39) 174
(5, 21) 139
(27, 40) 174
(47, 37) 409
(30, 39) 155
(34, 58) 95
(17, 18) 9
(56, 19) 347
(55, 37) 282
(59, 46) 307
(42, 42) 0
(23, 28) 19
(6, 60) 46
(62, 41) 151
(45, 15) 279
(10, 51) 131
(32, 12) 122
(13, 38) 114
(35, 9) 133
(18, 51) 219
(38, 54) 78
(60, 7) 38
(43, 57) 320
(11, 16) 360
(50, 45) 479
(1, 26) 415
(39, 13) 105
(26, 2) 417
(48, 27) 192
(29, 23) 14
(51, 54) 343
(15, 36) 122
(54, 1) 319
(19, 33) 343
(2, 59) 158
(41, 12) 103
(22, 62) 23
(5, 30) 143
(27, 33) 95
(47, 34) 407
(30, 46) 317
(34, 53) 284
(17, 11) 362
(56, 26) 86
(55, 34) 278
(20, 0) 7
(59, 39) 159
(42, 21) 165
(23, 21) 5
(6, 55) 212
(45, 8) 359
(10, 58) 44
(32, 3) 48
(31, 53) 198
(35, 14) 133
(18, 42) 389
(38, 41) 13
(60, 30) 24
(43, 62) 332
(11, 9) 152
(50, 36) 185
(14, 6) 107
(36, 23) 86
(1, 19) 366
(39, 10) 203
(26, 13) 248
(48, 18) 205
(29, 16) 292
(15, 45) 279
(54, 24) 198
(19, 38) 391
(2, 50) 166
(22, 49) 165
(5, 7) 159
(27, 38) 155
(47, 43) 0
(30, 17) 288
(52, 38) 344
(17, 12) 318
(56, 33) 288
(55, 59) 183
(20, 15) 55
(3, 49) 186
(59, 60) 1
(42, 28) 154
(23, 18) 285
(6, 46) 338
(45, 1) 451
(10, 37) 127
(32, 26) 363
(31, 50) 193
(35, 55) 278
(18, 37) 344
(57, 6) 46
(38, 32) 223
(60, 21) 26
(43, 55) 141
(8, 19) 211
(11, 14) 100
(14, 9) 126
(36, 30) 93
(1, 20) 135
(39, 3) 259
(26, 20) 292
(48, 9) 124
(51, 4) 159
(15, 42) 113
(54, 19) 353
(19, 47) 453
(2, 13) 169
(24, 34) 79
(5, 0) 139
(47, 48) 486
(30, 24) 11
(52, 45) 477
(17, 5) 367
(56, 40) 99
(55, 48) 345
(20, 22) 18
(3, 54) 316
(59, 53) 191
(42, 7) 201
(23, 43) 339
(6, 33) 127
(10, 44) 351
(32, 17) 345
(31, 59) 28
(35, 60) 109
(18, 28) 284
(57, 15) 56
(40, 49) 362
(60, 44) 320
(43, 44) 7
(8, 26) 325
(11, 7) 125
(14, 16) 314
(36, 5) 52
(39, 56) 114
(61, 11) 87
(26, 31) 279
(48, 0) 187
(12, 30) 49
(51, 13) 226
(15, 51) 223
(19, 52) 203
(2, 4) 9
(24, 41) 163
(5, 9) 175
(27, 52) 192
(47, 57) 320
(30, 3) 139
(52, 52) 0
(56, 47) 130
(55, 9) 222
(20, 29) 12
(42, 14) 103
(23, 32) 86
(6, 24) 57
(28, 45) 311
(32, 40) 241
(31, 32) 95
(35, 37) 8
(18, 23) 285
(57, 16) 265
(40, 56) 99
(60, 43) 320
(43, 37) 409
(8, 1) 169
(7, 59) 37
(11, 60) 104
(33, 15) 123
(14, 27) 53
(36, 12) 122
(39, 49) 338
(61, 4) 187
(44, 60) 320
(48, 7) 143
(12, 21) 52
(51, 18) 219
(15, 56) 165
(19, 61) 369
(2, 31) 142
(24, 48) 175
(27, 13) 46
(49, 24) 175
(30, 10) 60
(52, 51) 17
(0, 41) 151
(56, 54) 24
(55, 6) 212
(20, 36) 87
(3, 36) 48
(42, 9) 224
(23, 57) 30
(6, 19) 226
(28, 36) 101
(32, 47) 409
(31, 41) 146
(35, 42) 222
(18, 14) 313
(57, 25) 29
(21, 3) 135
(60, 34) 109
(43, 26) 46
(8, 8) 0
(7, 48) 143
(11, 53) 247
(33, 0) 90
(16, 56) 347
(36, 11) 53
(39, 46) 200
(61, 29) 89
(44, 59) 320
(48, 62) 187
(12, 12) 0
(51, 27) 181
(15, 1) 174
(37, 20) 87
(2, 22) 135
(24, 55) 206
(27, 2) 142
(49, 17) 202
(30, 13) 53
(52, 58) 172
(0, 32) 90
(56, 61) 170
(55, 31) 191
(20, 35) 81
(3, 45) 447
(23, 54) 195
(6, 10) 0
(28, 35) 96
(32, 38) 223
(31, 22) 27
(53, 37) 287
(18, 9) 207
(57, 34) 109
(40, 38) 19
(21, 12) 52
(4, 52) 177
(60, 57) 0
(43, 19) 453
(8, 15) 123
(7, 41) 193
(11, 42) 174
(33, 25) 87
(36, 50) 185
(58, 3) 144
(39, 39) 0
(61, 22) 117
(44, 50) 487
(9, 16) 208
(48, 53) 357
(12, 11) 86
(15, 14) 14
(37, 29) 93
(2, 17) 351
(24, 62) 11
(27, 27) 0
(49, 10) 138
(52, 1) 187
(0, 39) 154
(55, 20) 203
(20, 42) 168
(3, 18) 364
(25, 33) 87
(6, 13) 110
(28, 58) 21
(32, 61) 137
(31, 31) 0
(53, 46) 116
(18, 0) 289
(57, 43) 320
(40, 45) 171
(21, 21) 0
(4, 51) 159
(60, 48) 181
(43, 8) 369
(8, 54) 230
(7, 38) 201
(46, 7) 336
(11, 35) 55
(33, 18) 343
(16, 54) 353
(36, 57) 115
(58, 10) 44
(41, 50) 336
(61, 47) 280
(44, 41) 210
(9, 25) 79
(48, 44) 484
(12, 2) 175
(15, 23) 57
(37, 6) 127
(24, 5) 133
(62, 22) 23
(27, 16) 290
(49, 3) 186
(13, 29) 46
(52, 8) 119
(0, 62) 0
(20, 49) 180
(3, 27) 141
(25, 42) 168
(6, 4) 158
(28, 49) 191
(32, 52) 187
(31, 4) 141
(53, 55) 16
(57, 44) 320
(40, 20) 187
(21, 30) 4
(4, 58) 142
(43, 1) 461
(8, 61) 175
(7, 31) 57
(46, 14) 263
(29, 46) 315
(33, 43) 410
(16, 45) 445
(36, 32) 1
(58, 21) 17
(41, 59) 156
(61, 40) 105
(44, 32) 410
(9, 2) 164
(48, 35) 180
(12, 57) 56
(34, 10) 120
(15, 28) 41
(37, 15) 122
(24, 12) 60
(62, 25) 7
(49, 4) 177
(13, 22) 73
(52, 23) 178
(0, 53) 204
(20, 56) 210
(3, 0) 136
(25, 51) 169
(28, 8) 83
(50, 29) 193
(31, 13) 46
(53, 48) 357
(1, 42) 273
(57, 53) 191
(40, 27) 174
(21, 39) 158
(4, 33) 49
(43, 6) 353
(8, 36) 135
(7, 20) 50
(46, 17) 441
(29, 39) 149
(33, 44) 411
(16, 36) 343
(36, 47) 409
(58, 28) 21
(41, 60) 155
(22, 14) 77
(61, 33) 139
(44, 31) 325
(9, 11) 152
(12, 48) 233
(34, 5) 55
(17, 59) 266
(37, 8) 136
(24, 19) 283
(62, 0) 0
(45, 56) 120
(49, 61) 280
(13, 15) 13
(52, 30) 185
(0, 12) 48
(38, 25) 168
(3, 9) 172
(25, 52) 180
(28, 7) 54
(50, 20) 181
(31, 10) 67
(53, 57) 191
(1, 35) 55
(57, 62) 28
(40, 2) 297
(21, 32) 91
(4, 40) 291
(8, 43) 369
(7, 13) 101
(46, 24) 329
(29, 32) 93
(33, 37) 2
(16, 27) 290
(54, 40) 76
(58, 39) 167
(41, 37) 211
(22, 1) 140
(5, 55) 333
(61, 58) 112
(44, 22) 342
(9, 12) 121
(12, 47) 289
(34, 28) 96
(17, 60) 268
(37, 49) 187
(59, 12) 57
(24, 26) 296
(62, 11) 76
(45, 49) 476
(10, 21) 60
(49, 54) 348
(13, 8) 130
(0, 3) 136
(38, 16) 391
(3, 14) 184
(25, 61) 101
(28, 30) 9
(50, 15) 234
(53, 2) 339
(1, 36) 52
(40, 9) 242
(21, 41) 156
(4, 23) 129
(26, 36) 363
(7, 10) 10
(46, 35) 396
(29, 57) 29
(33, 62) 90
(16, 18) 3
(54, 35) 264
(58, 46) 321
(41, 46) 201
(22, 24) 15
(5, 48) 187
(61, 51) 268
(44, 13) 295
(9, 53) 234
(47, 0) 332
(12, 38) 113
(34, 23) 80
(17, 53) 352
(37, 58) 102
(59, 5) 163
(42, 55) 109
(62, 50) 188
(45, 42) 185
(10, 28) 63
(49, 47) 486
(13, 1) 167
(0, 26) 286
(38, 11) 174
(25, 6) 60
(28, 21) 13
(50, 6) 140
(14, 32) 136
(53, 11) 247
(1, 61) 186
(21, 50) 183
(4, 30) 138
(26, 47) 46
(7, 3) 155
(46, 42) 188
(29, 50) 193
(33, 55) 282
(16, 9) 208
(54, 58) 191
